1952
1789
2041
2077
2057
2161
2411
2554
2642
2674
2943
2858
3025
3262
3373
3417
3694
3631
3736
3576
3678
3990
4131
4015
4342
4469
4491
4425
4708
4873
4751
4789
5077
5096
5179
5042
5268
5451
5678
5619
6014
6401
6948
6827
6763
7092
7323
7427
7645
7776
7977
8244
8167
8208
8536
8553
8788
8955
8765
8871
8994
8824
9127
9684
9820
10292
10344
10645
10661
10600
10745
10869
10897
11214
11446
11512
11879
12043
12149
12026
12302
12421
12260
12733
12843
12945
13067
13225
13098
13271
13585
13624
13943
13885
13799
14187
14143
14211
14016
14085
